[[[0.0000e+00 1.3420e+00 0.0000e+00 0.0000e+00 0.0000e+00 6.2550e+00
   0.0000e+00 0.0000e+00 0.0000e+00 0.0000e+00 0.0000e+00 0.0000e+00
   0.0000e+00 0.0000e+00 0.0000e+00]
  [6.1000e-02 0.0000e+00 2.2297e+01 3.8620e+00 1.5720e+00 1.9570e+00
   2.6500e-01 2.9900e-01 0.0000e+00 4.8300e-01 1.5180e+00 1.3050e+00
   8.5140e+00 8.6960e+00 0.0000e+00]
  [0.0000e+00 2.2780e+00 0.0000e+00 0.0000e+00 0.0000e+00 3.1700e-01
   0.0000e+00 1.8400e-01 0.0000e+00 0.0000e+00 3.3000e-02 0.0000e+00
   0.0000e+00 0.0000e+00 0.0000e+00]
  [0.0000e+00 6.6100e-01 0.0000e+00 0.0000e+00 2.7230e+00 1.1400e+00
   1.7600e-01 0.0000e+00 0.0000e+00 0.0000e+00 8.3000e-01 3.2150e+00
   5.8490e+00 0.0000e+00 0.0000e+00]
  [0.0000e+00 7.3200e-01 0.0000e+00 4.5450e+00 0.0000e+00 4.0470e+00
   9.1200e-01 5.2700e-01 0.0000e+00 1.0510e+00 6.8600e-01 3.9200e-01
   3.0120e+00 0.0000e+00 0.0000e+00]
  [2.3000e-02 1.4230e+00 1.9900e+00 1.1549e+01 1.4540e+00 0.0000e+00
   2.7500e-01 2.4900e-01 1.8790e+00 1.0800e+00 5.2500e-01 8.1500e-01
   1.1670e+00 1.4800e+00 0.0000e+00]
  [1.3050e+00 1.2040e+00 0.0000e+00 0.0000e+00 1.9530e+00 2.8210e+00
   0.0000e+00 7.1100e-01 0.0000e+00 1.3560e+00 1.9100e-01 2.8800e-01
   1.5730e+00 0.0000e+00 0.0000e+00]
  [1.7600e-01 1.4500e-01 3.1700e-01 2.7000e-01 9.5000e-02 5.0300e-01
   9.8910e+00 0.0000e+00 1.4200e-01 8.2000e-02 1.7000e-02 3.2000e-02
   9.2000e-02 0.0000e+00 0.0000e+00]
  [1.4800e-01 8.3000e-02 2.0600e-01 2.2800e-01 4.3000e-02 7.4900e-01
   6.9890e+00 1.1447e+01 0.0000e+00 7.2000e-02 1.1000e-02 3.0000e-02
   1.3800e-01 0.0000e+00 0.0000e+00]
  [3.4000e-02 1.0960e+00 0.0000e+00 7.7220e+00 1.4380e+00 2.5200e+00
   6.0200e-01 3.8600e-01 6.2300e-01 0.0000e+00 1.0230e+00 5.1400e-01
   1.5040e+00 0.0000e+00 0.0000e+00]
  [0.0000e+00 1.5940e+00 0.0000e+00 1.8580e+00 3.9500e-01 1.1110e+00
   9.2000e-02 2.9000e-02 0.0000e+00 7.4800e-01 0.0000e+00 1.0560e+00
   2.3730e+00 0.0000e+00 0.0000e+00]
  [0.0000e+00 1.0850e+00 0.0000e+00 1.3300e+00 7.5300e-01 1.5260e+00
   3.6500e-01 7.5500e-01 1.5510e+00 7.2500e-01 2.2020e+00 0.0000e+00
   5.5600e-01 2.4000e-01 0.0000e+00]
  [2.8000e-02 1.0000e+00 0.0000e+00 3.8800e+00 1.2360e+00 3.3230e+00
   7.3100e-01 1.1260e+00 1.3570e+00 1.1550e+00 6.5400e-01 4.3800e-01
   0.0000e+00 1.2580e+00 0.0000e+00]
  [0.0000e+00 1.5890e+00 0.0000e+00 2.6240e+00 2.9250e+00 2.3100e+00
   0.0000e+00 0.0000e+00 0.0000e+00 5.2800e-01 0.0000e+00 3.2900e-01
   1.1220e+00 0.0000e+00 0.0000e+00]
  [0.0000e+00 0.0000e+00 0.0000e+00 0.0000e+00 0.0000e+00 0.0000e+00
   0.0000e+00 0.0000e+00 0.0000e+00 0.0000e+00 0.0000e+00 0.0000e+00
   0.0000e+00 0.0000e+00 0.0000e+00]]

 [[0.0000e+00 1.3000e+00 0.0000e+00 0.0000e+00 1.0370e+00 4.4310e+00
   2.0100e-01 0.0000e+00 0.0000e+00 1.0480e+00 1.3600e-01 2.0400e-01
   0.0000e+00 0.0000e+00 0.0000e+00]
  [5.9600e-01 1.1240e+00 1.2070e+01 1.9220e+00 1.2360e+00 1.1350e+00
   2.8500e-01 2.3800e-01 0.0000e+00 4.5900e-01 7.9300e-01 7.1600e-01
   2.2220e+00 4.4780e+00 0.0000e+00]
  [2.9500e-01 1.4940e+00 3.7260e+01 9.9000e-02 0.0000e+00 2.3000e-01
   1.1000e-01 1.3800e-01 0.0000e+00 9.6000e-02 3.3000e-01 1.3700e-01
   1.1020e+00 0.0000e+00 0.0000e+00]
  [5.7300e-01 3.7100e-01 0.0000e+00 2.3746e+01 1.2030e+00 1.5520e+00
   3.6500e-01 0.0000e+00 0.0000e+00 4.1300e-01 6.8200e-01 3.6230e+00
   2.4900e+00 0.0000e+00 0.0000e+00]
  [3.9300e-01 5.9300e-01 6.4000e-02 1.1840e+00 8.7040e+00 2.8610e+00
   1.2370e+00 1.1370e+00 9.9400e-01 1.0690e+00 4.8500e-01 4.5400e-01
   1.8580e+00 2.3000e-01 0.0000e+00]
  [4.3600e-01 1.1860e+00 1.3710e+00 8.2040e+00 9.8500e-01 1.4260e+00
   4.0700e-01 3.9500e-01 1.3150e+00 9.4900e-01 4.4300e-01 1.0270e+00
   1.3850e+00 1.0560e+00 0.0000e+00]
  [7.6100e-01 1.0260e+00 1.7300e-01 0.0000e+00 8.5400e-01 1.8700e+00
   1.2540e+00 5.7800e-01 0.0000e+00 1.5260e+00 6.1400e-01 6.6000e-01
   6.8800e-01 0.0000e+00 0.0000e+00]
  [3.6100e-01 2.5600e-01 7.3600e-01 3.8000e-01 1.2190e+00 8.0400e-01
   7.0120e+00 6.2100e-01 1.3600e-01 1.0440e+00 1.5700e-01 3.7200e-01
   1.0070e+00 5.0000e-03 0.0000e+00]
  [3.9000e-01 1.2300e-01 2.6400e-01 3.8400e-01 1.4130e+00 1.2660e+00
   5.2580e+00 7.9830e+00 1.6580e+00 1.1460e+00 5.7000e-02 4.2300e-01
   1.0780e+00 0.0000e+00 0.0000e+00]
  [5.7500e-01 7.6400e-01 1.7400e-01 4.4830e+00 1.3170e+00 1.9640e+00
   8.4500e-01 8.4900e-01 5.4500e-01 2.4900e+00 7.5000e-01 5.9000e-01
   1.6370e+00 0.0000e+00 0.0000e+00]
  [1.1770e+00 1.0120e+00 1.5400e-01 9.5200e-01 4.1900e-01 8.0600e-01
   1.1600e-01 6.7000e-02 0.0000e+00 5.7200e-01 1.9810e+00 1.0450e+00
   1.6090e+00 0.0000e+00 0.0000e+00]
  [1.0870e+00 8.8800e-01 1.5000e-01 1.0150e+00 4.3000e-01 1.5060e+00
   4.2400e-01 6.2600e-01 8.7200e-01 5.4100e-01 1.8810e+00 1.1570e+00
   6.6300e-01 1.2000e-01 0.0000e+00]
  [7.2500e-01 8.9700e-01 1.9700e-01 2.0290e+00 1.2510e+00 2.3360e+00
   7.0800e-01 9.9100e-01 1.2300e+00 1.2200e+00 5.7800e-01 7.2700e-01
   2.5290e+00 3.1500e-01 0.0000e+00]
  [0.0000e+00 1.4700e+00 0.0000e+00 3.1160e+00 1.8280e+00 1.4700e+00
   2.0000e-02 0.0000e+00 0.0000e+00 3.0300e-01 6.1000e-02 3.3900e-01
   1.0660e+00 3.8553e+01 0.0000e+00]
  [0.0000e+00 0.0000e+00 0.0000e+00 0.0000e+00 0.0000e+00 0.0000e+00
   0.0000e+00 0.0000e+00 0.0000e+00 0.0000e+00 0.0000e+00 0.0000e+00
   0.0000e+00 0.0000e+00 0.0000e+00]]

 [[0.0000e+00 1.2300e+00 0.0000e+00 0.0000e+00 6.9200e-01 2.7800e+00
   1.3400e-01 2.0160e+00 0.0000e+00 8.7300e-01 3.6100e-01 6.8000e-01
   1.4850e+00 0.0000e+00 0.0000e+00]
  [5.3300e-01 1.2670e+00 9.4750e+00 1.4390e+00 1.0880e+00 9.4600e-01
   3.4200e-01 3.2000e-01 0.0000e+00 5.1500e-01 7.4800e-01 7.0700e-01
   1.3590e+00 4.1160e+00 0.0000e+00]
  [4.5900e-01 1.4110e+00 3.4812e+01 6.6000e-02 2.1000e-02 2.2400e-01
   1.7100e-01 1.5000e-02 0.0000e+00 1.9700e-01 5.6100e-01 1.7500e-01
   1.1190e+00 0.0000e+00 0.0000e+00]
  [4.6900e-01 2.8600e-01 0.0000e+00 1.6665e+01 4.6800e-01 1.5710e+00
   5.8900e-01 2.9100e-01 0.0000e+00 2.7400e-01 8.9900e-01 3.5480e+00
   1.6360e+00 0.0000e+00 0.0000e+00]
  [4.9700e-01 5.7900e-01 4.2800e-01 1.5620e+00 6.4820e+00 2.6890e+00
   1.4910e+00 1.6040e+00 1.2420e+00 1.2070e+00 4.6000e-01 6.9300e-01
   1.4120e+00 3.8400e-01 0.0000e+00]
  [5.9900e-01 1.0850e+00 1.4400e+00 6.4590e+00 9.8900e-01 1.7080e+00
   5.4700e-01 6.1700e-01 1.1740e+00 9.1900e-01 4.4800e-01 1.1200e+00
   1.4670e+00 9.5100e-01 0.0000e+00]
  [8.7000e-01 1.0070e+00 4.6200e-01 0.0000e+00 8.1400e-01 1.2260e+00
   1.1200e+00 4.7400e-01 0.0000e+00 1.8840e+00 9.0500e-01 5.6800e-01
   9.0300e-01 0.0000e+00 0.0000e+00]
  [4.0600e-01 3.1700e-01 9.7100e-01 3.1500e-01 1.6010e+00 9.3400e-01
   5.9600e+00 8.3700e-01 1.5300e-01 1.4270e+00 2.3700e-01 4.3400e-01
   1.0650e+00 1.8000e-02 0.0000e+00]
  [4.9900e-01 1.5700e-01 2.8100e-01 5.1800e-01 1.9330e+00 1.4760e+00
   4.6370e+00 6.5800e+00 2.3790e+00 1.5360e+00 9.8000e-02 4.9400e-01
   1.2300e+00 0.0000e+00 0.0000e+00]
  [5.3400e-01 6.9600e-01 3.5800e-01 3.9860e+00 1.3150e+00 1.8990e+00
   1.0500e+00 1.1920e+00 8.6600e-01 2.7170e+00 7.4000e-01 5.5200e-01
   1.6000e+00 0.0000e+00 0.0000e+00]
  [1.3380e+00 9.3300e-01 2.3300e-01 1.0090e+00 6.0300e-01 8.3700e-01
   1.3100e-01 1.3300e-01 1.8000e-02 6.2400e-01 2.0830e+00 1.1030e+00
   1.4990e+00 3.3000e-02 0.0000e+00]
  [1.1820e+00 8.4800e-01 2.7800e-01 1.0640e+00 3.8100e-01 1.5200e+00
   4.4800e-01 5.7700e-01 9.2600e-01 5.4300e-01 1.7990e+00 1.3850e+00
   6.9600e-01 4.1900e-01 0.0000e+00]
  [6.1700e-01 9.3400e-01 1.3100e-01 1.2970e+00 1.2930e+00 2.1330e+00
   7.9800e-01 1.0810e+00 1.6970e+00 1.2440e+00 6.2900e-01 6.9100e-01
   2.1480e+00 7.0800e-01 0.0000e+00]
  [3.1000e-02 1.4970e+00 0.0000e+00 4.0450e+00 1.2190e+00 1.1200e+00
   2.0000e-02 0.0000e+00 0.0000e+00 2.8100e-01 9.6000e-02 2.1200e-01
   1.2900e+00 4.3782e+01 0.0000e+00]
  [0.0000e+00 0.0000e+00 0.0000e+00 0.0000e+00 0.0000e+00 0.0000e+00
   0.0000e+00 0.0000e+00 0.0000e+00 0.0000e+00 0.0000e+00 0.0000e+00
   0.0000e+00 0.0000e+00 0.0000e+00]]

 [[0.0000e+00 1.2580e+00 0.0000e+00 0.0000e+00 0.0000e+00 1.9550e+00
   2.0100e-01 1.8900e+00 0.0000e+00 1.1790e+00 7.4500e-01 7.1500e-01
   8.3600e-01 0.0000e+00 0.0000e+00]
  [4.9600e-01 1.2700e+00 7.8030e+00 1.2230e+00 9.3700e-01 8.7700e-01
   4.1300e-01 5.0800e-01 1.1700e-01 5.9300e-01 7.5500e-01 7.0400e-01
   1.4480e+00 3.8480e+00 0.0000e+00]
  [5.1300e-01 1.3000e+00 3.4931e+01 9.9000e-02 3.2000e-02 2.8700e-01
   2.5400e-01 2.3000e-02 1.7300e-01 2.0700e-01 7.2800e-01 2.8500e-01
   1.1020e+00 0.0000e+00 0.0000e+00]
  [5.6900e-01 3.0400e-01 0.0000e+00 2.7466e+01 1.1180e+00 1.9010e+00
   3.9400e-01 3.2100e-01 0.0000e+00 4.7300e-01 9.6300e-01 3.2140e+00
   2.0480e+00 0.0000e+00 0.0000e+00]
  [5.3100e-01 5.8200e-01 4.4900e-01 7.6700e-01 4.8670e+00 2.6400e+00
   1.6260e+00 1.8920e+00 8.0700e-01 1.3530e+00 5.1600e-01 6.2800e-01
   1.5280e+00 4.0300e-01 0.0000e+00]
  [6.7700e-01 1.0240e+00 1.6380e+00 5.3750e+00 1.0120e+00 1.8080e+00
   6.6600e-01 7.9200e-01 1.0750e+00 9.2300e-01 4.7000e-01 1.1490e+00
   1.4820e+00 8.8200e-01 0.0000e+00]
  [7.8800e-01 1.0010e+00 8.7000e-02 1.0900e-01 9.2500e-01 8.3800e-01
   9.0700e-01 4.8500e-01 0.0000e+00 2.1440e+00 1.1180e+00 6.1900e-01
   9.1700e-01 0.0000e+00 0.0000e+00]
  [4.5200e-01 3.6300e-01 1.1500e+00 2.9300e-01 1.7590e+00 1.0150e+00
   5.2850e+00 9.3800e-01 1.5600e-01 1.6260e+00 3.0100e-01 4.7800e-01
   1.1110e+00 1.9000e-02 0.0000e+00]
  [5.6100e-01 1.8800e-01 2.9900e-01 6.3500e-01 2.1500e+00 1.6110e+00
   4.2610e+00 5.6070e+00 2.9750e+00 1.7660e+00 1.3100e-01 5.3200e-01
   1.2950e+00 0.0000e+00 0.0000e+00]
  [5.4000e-01 6.7200e-01 5.5000e-01 3.3440e+00 1.4230e+00 1.8790e+00
   1.1420e+00 1.4810e+00 1.1950e+00 2.6570e+00 7.5000e-01 5.7300e-01
   1.5030e+00 0.0000e+00 0.0000e+00]
  [1.5150e+00 8.8000e-01 3.1500e-01 1.2000e+00 6.4800e-01 8.8100e-01
   1.4500e-01 1.9800e-01 9.5000e-02 6.9900e-01 2.1600e+00 1.0890e+00
   1.2840e+00 1.2600e-01 0.0000e+00]
  [1.2820e+00 8.2700e-01 3.9200e-01 8.9500e-01 3.3800e-01 1.5060e+00
   4.6400e-01 5.6400e-01 9.6900e-01 6.0000e-01 1.7600e+00 1.4760e+00
   6.6100e-01 3.8900e-01 0.0000e+00]
  [6.4200e-01 9.6100e-01 1.5300e-01 1.9970e+00 1.2320e+00 2.0190e+00
   8.0800e-01 1.1910e+00 1.5910e+00 1.2190e+00 5.9300e-01 7.3900e-01
   1.8790e+00 1.1400e+00 0.0000e+00]
  [5.8000e-02 1.4660e+00 0.0000e+00 3.6080e+00 1.2800e+00 1.1550e+00
   3.0000e-02 0.0000e+00 0.0000e+00 1.8500e-01 9.9000e-02 1.5900e-01
   1.4030e+00 4.8923e+01 0.0000e+00]
  [0.0000e+00 0.0000e+00 0.0000e+00 0.0000e+00 0.0000e+00 0.0000e+00
   0.0000e+00 0.0000e+00 0.0000e+00 0.0000e+00 0.0000e+00 0.0000e+00
   0.0000e+00 0.0000e+00 0.0000e+00]]

 [[2.3100e-01 1.4370e+00 0.0000e+00 0.0000e+00 2.5900e-01 1.4990e+00
   5.0000e-02 1.7010e+00 0.0000e+00 1.3100e+00 7.1100e-01 2.5500e-01
   6.9600e-01 0.0000e+00 0.0000e+00]
  [5.0600e-01 1.2800e+00 6.6050e+00 9.9300e-01 8.3500e-01 8.9100e-01
   4.8700e-01 5.9600e-01 8.2000e-02 6.1300e-01 7.2300e-01 7.4300e-01
   1.3330e+00 3.6630e+00 0.0000e+00]
  [5.9800e-01 1.2420e+00 3.2809e+01 9.9000e-02 7.9000e-02 4.0700e-01
   3.0300e-01 9.4000e-02 2.3900e-01 2.5900e-01 8.1800e-01 3.4500e-01
   1.0560e+00 0.0000e+00 0.0000e+00]
  [3.9700e-01 2.8400e-01 1.6100e-01 2.5871e+01 1.0870e+00 1.7440e+00
   4.3700e-01 2.6500e-01 0.0000e+00 6.7300e-01 1.0720e+00 3.0460e+00
   2.1290e+00 0.0000e+00 0.0000e+00]
  [5.3700e-01 5.9500e-01 3.6900e-01 9.3300e-01 3.5140e+00 2.5780e+00
   1.6550e+00 1.9220e+00 9.0100e-01 1.3560e+00 5.5900e-01 7.5800e-01
   1.6330e+00 4.8900e-01 0.0000e+00]
  [6.5800e-01 9.7900e-01 1.8750e+00 4.4210e+00 1.0380e+00 1.8110e+00
   7.9700e-01 9.6600e-01 8.9000e-01 9.4900e-01 5.0300e-01 1.1820e+00
   1.4500e+00 9.2500e-01 0.0000e+00]
  [1.0410e+00 9.4000e-01 8.7000e-02 5.0100e-01 1.0660e+00 6.1300e-01
   8.4200e-01 3.8300e-01 8.4000e-02 2.3520e+00 1.2980e+00 6.2700e-01
   8.0100e-01 0.0000e+00 0.0000e+00]
  [4.8300e-01 4.1100e-01 1.2670e+00 3.0400e-01 1.8250e+00 1.0920e+00
   4.7040e+00 9.8900e-01 1.8000e-01 1.7180e+00 3.7700e-01 5.1500e-01
   1.1640e+00 4.1000e-02 0.0000e+00]
  [5.9400e-01 2.2300e-01 3.4000e-01 7.9100e-01 2.2870e+00 1.6860e+00
   3.9320e+00 4.8130e+00 3.4610e+00 1.9390e+00 1.7200e-01 5.6100e-01
   1.3450e+00 0.0000e+00 0.0000e+00]
  [5.2200e-01 6.5900e-01 6.7100e-01 2.5660e+00 1.3330e+00 1.8610e+00
   1.2520e+00 1.6150e+00 1.5800e+00 2.6210e+00 7.5600e-01 6.1900e-01
   1.3760e+00 2.4000e-02 0.0000e+00]
  [1.5800e+00 8.5200e-01 4.0600e-01 1.5550e+00 7.3400e-01 9.4500e-01
   1.6300e-01 2.4500e-01 1.6900e-01 7.5900e-01 2.1300e+00 1.0780e+00
   1.2460e+00 1.1900e-01 0.0000e+00]
  [1.2860e+00 8.0500e-01 4.8400e-01 8.6400e-01 3.1500e-01 1.5360e+00
   4.9100e-01 5.5400e-01 7.5900e-01 6.8800e-01 1.7310e+00 1.5160e+00
   6.3900e-01 5.6200e-01 0.0000e+00]
  [5.9700e-01 9.6500e-01 3.0200e-01 2.1550e+00 1.2930e+00 1.9420e+00
   8.2400e-01 1.2280e+00 1.7940e+00 1.2400e+00 5.9500e-01 7.3900e-01
   1.7130e+00 2.0250e+00 0.0000e+00]
  [4.1000e-02 1.5530e+00 0.0000e+00 1.7220e+00 8.4900e-01 1.1650e+00
   2.8000e-02 0.0000e+00 0.0000e+00 1.5500e-01 8.0000e-02 1.1300e-01
   1.6900e+00 4.3073e+01 0.0000e+00]
  [0.0000e+00 0.0000e+00 0.0000e+00 0.0000e+00 0.0000e+00 0.0000e+00
   0.0000e+00 0.0000e+00 0.0000e+00 0.0000e+00 0.0000e+00 0.0000e+00
   0.0000e+00 0.0000e+00 0.0000e+00]]

 [[1.3200e-01 1.5580e+00 0.0000e+00 0.0000e+00 2.9600e-01 1.2660e+00
   5.7000e-02 6.4800e-01 0.0000e+00 1.4970e+00 5.4200e-01 5.2500e-01
   0.0000e+00 0.0000e+00 0.0000e+00]
  [4.5400e-01 1.2900e+00 5.7410e+00 9.4300e-01 7.3700e-01 9.2900e-01
   5.6300e-01 6.4200e-01 1.6700e-01 6.4000e-01 7.1400e-01 7.6100e-01
   1.1360e+00 3.1680e+00 0.0000e+00]
  [7.0100e-01 1.1870e+00 3.0172e+01 5.7000e-02 9.9000e-02 4.5800e-01
   3.2100e-01 1.8000e-01 2.8000e-01 2.8900e-01 9.9700e-01 3.6400e-01
   1.0720e+00 4.6000e-02 0.0000e+00]
  [7.1400e-01 2.8700e-01 0.0000e+00 9.6830e+00 2.3240e+00 1.6010e+00
   4.6300e-01 2.0800e-01 3.5600e-01 8.4700e-01 1.0130e+00 3.3550e+00
   1.6590e+00 0.0000e+00 0.0000e+00]
  [4.2400e-01 6.1100e-01 3.8500e-01 1.0310e+00 2.7050e+00 2.4800e+00
   1.6920e+00 1.8270e+00 9.9400e-01 1.3830e+00 5.7900e-01 8.8300e-01
   1.6480e+00 4.9300e-01 0.0000e+00]
  [7.0300e-01 9.4200e-01 2.0820e+00 3.7570e+00 1.0060e+00 1.8270e+00
   8.9900e-01 1.0640e+00 9.6000e-01 9.6600e-01 5.3800e-01 1.1850e+00
   1.3780e+00 1.0230e+00 0.0000e+00]
  [1.1610e+00 8.7400e-01 2.9700e-01 1.2830e+00 1.0520e+00 3.8800e-01
   8.7300e-01 3.8500e-01 9.6000e-02 2.2370e+00 1.5530e+00 6.4000e-01
   9.2500e-01 0.0000e+00 0.0000e+00]
  [5.1700e-01 4.5700e-01 1.3970e+00 3.6400e-01 1.8470e+00 1.1730e+00
   4.2340e+00 1.0110e+00 1.8500e-01 1.7480e+00 4.4000e-01 5.4100e-01
   1.1800e+00 7.3000e-02 0.0000e+00]
  [6.2700e-01 2.5700e-01 3.9300e-01 9.0800e-01 2.3570e+00 1.7180e+00
   3.6460e+00 4.2900e+00 4.0180e+00 2.0350e+00 2.1700e-01 5.8900e-01
   1.3860e+00 0.0000e+00 0.0000e+00]
  [5.5000e-01 6.6100e-01 6.7500e-01 1.8240e+00 1.3050e+00 1.8450e+00
   1.3340e+00 1.7200e+00 1.6750e+00 2.4840e+00 7.4500e-01 6.9300e-01
   1.3010e+00 5.5000e-02 0.0000e+00]
  [1.5790e+00 8.3000e-01 4.2400e-01 1.8370e+00 7.2200e-01 1.0310e+00
   2.0700e-01 2.8800e-01 1.6300e-01 8.0400e-01 2.0950e+00 1.1000e+00
   1.1360e+00 2.0100e-01 0.0000e+00]
  [1.2340e+00 7.9000e-01 6.0600e-01 1.0270e+00 3.6500e-01 1.5640e+00
   4.9400e-01 5.2200e-01 7.6600e-01 7.4500e-01 1.7260e+00 1.5290e+00
   6.5300e-01 4.6200e-01 0.0000e+00]
  [5.3700e-01 9.8500e-01 4.2000e-01 2.3800e+00 1.4740e+00 1.8020e+00
   8.6200e-01 1.3120e+00 1.5880e+00 1.2510e+00 5.8800e-01 7.1100e-01
   1.5290e+00 2.3480e+00 0.0000e+00]
  [3.3000e-02 1.5690e+00 0.0000e+00 9.8400e-01 7.9100e-01 1.2490e+00
   2.6000e-02 0.0000e+00 0.0000e+00 1.4700e-01 9.6000e-02 1.6400e-01
   1.4910e+00 4.1098e+01 0.0000e+00]
  [0.0000e+00 0.0000e+00 0.0000e+00 0.0000e+00 0.0000e+00 0.0000e+00
   0.0000e+00 0.0000e+00 0.0000e+00 0.0000e+00 0.0000e+00 0.0000e+00
   0.0000e+00 0.0000e+00 0.0000e+00]]

 [[0.0000e+00 1.5270e+00 0.0000e+00 0.0000e+00 2.0700e-01 7.8200e-01
   8.0000e-02 1.2090e+00 0.0000e+00 1.5200e+00 6.7800e-01 7.3500e-01
   0.0000e+00 0.0000e+00 0.0000e+00]
  [4.1800e-01 1.2750e+00 5.3760e+00 8.8200e-01 7.0000e-01 9.2700e-01
   6.2300e-01 6.1200e-01 2.1900e-01 6.6600e-01 7.0200e-01 7.7500e-01
   1.2750e+00 3.2520e+00 0.0000e+00]
  [8.1000e-01 1.1390e+00 2.7880e+01 2.0100e-01 2.2100e-01 5.6600e-01
   3.3900e-01 2.2300e-01 3.1200e-01 3.0600e-01 1.0850e+00 4.1500e-01
   1.0470e+00 3.2100e-01 0.0000e+00]
  [9.1800e-01 2.5200e-01 0.0000e+00 1.7636e+01 3.1620e+00 1.8320e+00
   5.2200e-01 2.7800e-01 4.9800e-01 6.8300e-01 9.0500e-01 3.4630e+00
   1.7840e+00 0.0000e+00 0.0000e+00]
  [5.0300e-01 6.3700e-01 4.4900e-01 9.7800e-01 2.2810e+00 2.5180e+00
   1.7160e+00 1.7950e+00 9.6900e-01 1.2990e+00 5.7000e-01 8.3700e-01
   1.6150e+00 9.4400e-01 0.0000e+00]
  [7.5800e-01 9.1700e-01 2.1470e+00 3.5900e+00 1.0080e+00 1.8430e+00
   9.7300e-01 1.0980e+00 9.7500e-01 1.0050e+00 5.7300e-01 1.1250e+00
   1.3260e+00 1.1020e+00 0.0000e+00]
  [1.3860e+00 8.6200e-01 0.0000e+00 1.7500e+00 8.5400e-01 3.4100e-01
   1.0120e+00 3.1000e-01 0.0000e+00 2.0030e+00 1.5550e+00 7.0400e-01
   9.8600e-01 0.0000e+00 0.0000e+00]
  [5.4000e-01 4.9200e-01 1.5260e+00 4.1800e-01 1.8640e+00 1.2020e+00
   3.9160e+00 9.4000e-01 1.5700e-01 1.7310e+00 5.0500e-01 5.6900e-01
   1.2020e+00 1.2000e-01 0.0000e+00]
  [6.5700e-01 2.8600e-01 4.1200e-01 9.9400e-01 2.3550e+00 1.7410e+00
   3.4090e+00 4.0200e+00 3.9820e+00 2.0980e+00 2.5200e-01 6.1300e-01
   1.4120e+00 0.0000e+00 0.0000e+00]
  [5.3300e-01 6.8000e-01 6.1200e-01 1.1680e+00 1.3460e+00 1.8150e+00
   1.4110e+00 1.7470e+00 1.7090e+00 2.3420e+00 7.2800e-01 7.3200e-01
   1.2620e+00 7.2000e-02 0.0000e+00]
  [1.5320e+00 8.1100e-01 4.6800e-01 1.7190e+00 7.5500e-01 1.0820e+00
   2.6300e-01 3.4200e-01 1.6800e-01 8.2600e-01 2.0720e+00 1.0960e+00
   1.1690e+00 4.1700e-01 0.0000e+00]
  [1.1870e+00 7.8000e-01 5.6800e-01 1.1540e+00 3.7300e-01 1.5850e+00
   5.0800e-01 4.9200e-01 6.2000e-01 7.4700e-01 1.7430e+00 1.5370e+00
   6.6200e-01 6.4700e-01 0.0000e+00]
  [5.8400e-01 9.8900e-01 4.2100e-01 1.9980e+00 1.4070e+00 1.6690e+00
   8.8300e-01 1.3230e+00 1.8090e+00 1.2310e+00 5.8800e-01 7.5300e-01
   1.5130e+00 3.2550e+00 0.0000e+00]
  [9.0000e-03 1.6040e+00 0.0000e+00 8.8600e-01 1.1180e+00 1.2100e+00
   2.0000e-02 0.0000e+00 0.0000e+00 9.8000e-02 1.0100e-01 1.7900e-01
   1.3860e+00 3.7809e+01 0.0000e+00]
  [0.0000e+00 0.0000e+00 0.0000e+00 0.0000e+00 0.0000e+00 0.0000e+00
   0.0000e+00 0.0000e+00 0.0000e+00 0.0000e+00 0.0000e+00 0.0000e+00
   0.0000e+00 0.0000e+00 0.0000e+00]]

 [[1.8500e-01 1.5020e+00 0.0000e+00 0.0000e+00 2.0700e-01 6.7800e-01
   0.0000e+00 7.5600e-01 0.0000e+00 1.5720e+00 8.1300e-01 7.3500e-01
   2.2300e-01 0.0000e+00 0.0000e+00]
  [4.2700e-01 1.2820e+00 5.2700e+00 7.0200e-01 6.6600e-01 9.3100e-01
   6.3700e-01 5.8200e-01 2.6400e-01 6.8600e-01 7.1100e-01 7.7400e-01
   1.1470e+00 3.1390e+00 0.0000e+00]
  [8.5800e-01 1.1110e+00 2.4452e+01 1.6500e-01 2.5300e-01 6.0700e-01
   3.9600e-01 2.3100e-01 5.8900e-01 4.0000e-01 1.2010e+00 4.5000e-01
   9.3600e-01 4.1800e-01 0.0000e+00]
  [9.0600e-01 2.7700e-01 0.0000e+00 1.6199e+01 3.0940e+00 1.8030e+00
   5.1400e-01 5.7700e-01 6.2300e-01 5.9800e-01 8.7800e-01 3.4180e+00
   2.0270e+00 0.0000e+00 0.0000e+00]
  [5.4200e-01 6.7200e-01 6.0300e-01 7.6700e-01 1.9060e+00 2.4860e+00
   1.7270e+00 1.7220e+00 1.0490e+00 1.2870e+00 5.7700e-01 7.5600e-01
   1.6200e+00 8.5200e-01 0.0000e+00]
  [8.0800e-01 8.9700e-01 2.1440e+00 3.3890e+00 1.0410e+00 1.8370e+00
   1.0220e+00 1.1240e+00 9.9800e-01 1.0540e+00 6.0700e-01 1.0740e+00
   1.2890e+00 1.1520e+00 0.0000e+00]
  [1.4310e+00 8.3400e-01 0.0000e+00 1.9910e+00 9.1100e-01 4.5200e-01
   1.1390e+00 3.2900e-01 0.0000e+00 1.9020e+00 1.5690e+00 6.6100e-01
   9.1000e-01 0.0000e+00 0.0000e+00]
  [5.5200e-01 5.2400e-01 1.5250e+00 4.3000e-01 1.8610e+00 1.2260e+00
   3.6450e+00 9.3100e-01 1.3900e-01 1.7040e+00 5.6800e-01 5.8700e-01
   1.2160e+00 1.4300e-01 0.0000e+00]
  [6.8400e-01 3.1200e-01 4.2500e-01 1.0490e+00 2.3560e+00 1.7490e+00
   3.1920e+00 3.8410e+00 4.0690e+00 2.1250e+00 2.9200e-01 6.4400e-01
   1.4130e+00 0.0000e+00 0.0000e+00]
  [5.3100e-01 6.8700e-01 6.5600e-01 9.0700e-01 1.3720e+00 1.7940e+00
   1.4590e+00 1.7730e+00 1.5710e+00 2.2570e+00 7.0800e-01 7.6600e-01
   1.2760e+00 7.2000e-02 0.0000e+00]
  [1.5360e+00 8.0000e-01 5.4400e-01 1.9700e+00 7.6600e-01 1.1090e+00
   3.1800e-01 3.7800e-01 2.2200e-01 8.5000e-01 2.0300e+00 1.0900e+00
   1.1060e+00 7.7800e-01 0.0000e+00]
  [1.1820e+00 7.6900e-01 7.0400e-01 1.1080e+00 4.9200e-01 1.5250e+00
   5.3400e-01 4.8900e-01 7.6900e-01 7.3600e-01 1.7530e+00 1.5680e+00
   6.8900e-01 6.2900e-01 0.0000e+00]
  [5.8600e-01 1.0070e+00 4.3600e-01 2.3370e+00 1.3910e+00 1.6030e+00
   9.0600e-01 1.2880e+00 1.7550e+00 1.2190e+00 5.8000e-01 7.4300e-01
   1.4480e+00 3.6640e+00 0.0000e+00]
  [0.0000e+00 1.6300e+00 1.4800e-01 9.1800e-01 1.1070e+00 1.2340e+00
   2.2000e-02 0.0000e+00 0.0000e+00 1.3200e-01 8.2000e-02 1.4800e-01
   1.2060e+00 3.6373e+01 0.0000e+00]
  [0.0000e+00 0.0000e+00 0.0000e+00 0.0000e+00 0.0000e+00 0.0000e+00
   0.0000e+00 0.0000e+00 0.0000e+00 0.0000e+00 0.0000e+00 0.0000e+00
   0.0000e+00 0.0000e+00 0.0000e+00]]]